NaN,NaN,NaN,NaN,NaN,NaN
2016,1,2,10,12,0
2016,1,3,10,54,0
2016,1,4,10,0,0
2016,1,5,10,42,0
2016,1,6,9,48,0
2016,1,7,10,30,0
2016,1,8,9,36,0
2016,1,9,10,18,0
NaN,NaN,NaN,NaN,NaN,NaN
2016,1,11,10,6,0
NaN,NaN,NaN,NaN,NaN,NaN
NaN,NaN,NaN,NaN,NaN,NaN
NaN,NaN,NaN,NaN,NaN,NaN
NaN,NaN,NaN,NaN,NaN,NaN
NaN,NaN,NaN,NaN,NaN,NaN
NaN,NaN,NaN,NaN,NaN,NaN
NaN,NaN,NaN,NaN,NaN,NaN
NaN,NaN,NaN,NaN,NaN,NaN
NaN,NaN,NaN,NaN,NaN,NaN
NaN,NaN,NaN,NaN,NaN,NaN
2016,1,22,9,48,0
NaN,NaN,NaN,NaN,NaN,NaN
NaN,NaN,NaN,NaN,NaN,NaN
2016,1,25,10,18,0
NaN,NaN,NaN,NaN,NaN,NaN
2016,1,27,10,6,0
NaN,NaN,NaN,NaN,NaN,NaN
NaN,NaN,NaN,NaN,NaN,NaN
NaN,NaN,NaN,NaN,NaN,NaN
NaN,NaN,NaN,NaN,NaN,NaN
NaN,NaN,NaN,NaN,NaN,NaN
NaN,NaN,NaN,NaN,NaN,NaN
NaN,NaN,NaN,NaN,NaN,NaN
2016,2,4,10,54,0
2016,2,5,10,0,0
2016,2,6,10,42,0
2016,2,7,9,48,0
2016,2,8,10,30,0
2016,2,9,9,36,0
2016,2,10,10,18,0
2016,2,11,11,0,0
2016,2,12,10,6,0
2016,2,13,10,48,0
2016,2,14,9,54,0
2016,2,15,10,36,0
2016,2,16,9,42,0
2016,2,17,10,24,0
NaN,NaN,NaN,NaN,NaN,NaN
NaN,NaN,NaN,NaN,NaN,NaN
NaN,NaN,NaN,NaN,NaN,NaN
NaN,NaN,NaN,NaN,NaN,NaN
NaN,NaN,NaN,NaN,NaN,NaN
NaN,NaN,NaN,NaN,NaN,NaN
NaN,NaN,NaN,NaN,NaN,NaN
NaN,NaN,NaN,NaN,NaN,NaN
NaN,NaN,NaN,NaN,NaN,NaN
NaN,NaN,NaN,NaN,NaN,NaN
2016,2,28,10,6,0
2016,2,29,10,48,0
2016,3,1,9,54,0
2016,3,2,10,36,0
2016,3,3,9,42,0
2016,3,4,10,24,0
NaN,NaN,NaN,NaN,NaN,NaN
2016,3,6,10,12,0
NaN,NaN,NaN,NaN,NaN,NaN
NaN,NaN,NaN,NaN,NaN,NaN
NaN,NaN,NaN,NaN,NaN,NaN
2016,3,10,9,48,0
2016,3,11,10,30,0
NaN,NaN,NaN,NaN,NaN,NaN
2016,3,13,10,18,0
NaN,NaN,NaN,NaN,NaN,NaN
2016,3,15,10,6,0
2016,3,16,10,48,0
2016,3,17,9,54,0
2016,3,18,10,36,0
NaN,NaN,NaN,NaN,NaN,NaN
NaN,NaN,NaN,NaN,NaN,NaN
NaN,NaN,NaN,NaN,NaN,NaN
2016,3,22,10,12,0
2016,3,23,10,54,0
2016,3,24,10,0,0
2016,3,25,10,42,0
2016,3,26,9,48,0
2016,3,27,10,30,0
2016,3,28,9,36,0
NaN,NaN,NaN,NaN,NaN,NaN
2016,3,30,11,0,0
2016,3,31,10,6,0
2016,4,1,10,48,0
2016,4,2,9,54,0
2016,4,3,10,36,0
NaN,NaN,NaN,NaN,NaN,NaN
2016,4,5,10,24,0
NaN,NaN,NaN,NaN,NaN,NaN
2016,4,7,10,12,0
2016,4,8,10,54,0
NaN,NaN,NaN,NaN,NaN,NaN
2016,4,10,10,42,0
2016,4,11,9,48,0
NaN,NaN,NaN,NaN,NaN,NaN
2016,4,13,9,36,0
NaN,NaN,NaN,NaN,NaN,NaN
2016,4,15,11,0,0
2016,4,16,10,6,0
2016,4,17,10,48,0
2016,4,18,9,54,0
2016,4,19,10,36,0
NaN,NaN,NaN,NaN,NaN,NaN
2016,4,21,10,24,0
NaN,NaN,NaN,NaN,NaN,NaN
2016,4,23,10,12,0
2016,4,24,10,54,0
2016,4,25,10,0,0
2016,4,26,10,42,0
NaN,NaN,NaN,NaN,NaN,NaN
2016,4,28,10,30,0
2016,4,29,9,36,0
2016,4,30,10,18,0
2016,5,1,11,0,0
NaN,NaN,NaN,NaN,NaN,NaN
NaN,NaN,NaN,NaN,NaN,NaN
2016,5,4,9,54,0
NaN,NaN,NaN,NaN,NaN,NaN
NaN,NaN,NaN,NaN,NaN,NaN
NaN,NaN,NaN,NaN,NaN,NaN
NaN,NaN,NaN,NaN,NaN,NaN
NaN,NaN,NaN,NaN,NaN,NaN
NaN,NaN,NaN,NaN,NaN,NaN
NaN,NaN,NaN,NaN,NaN,NaN
2016,5,12,10,42,0
2016,5,13,9,48,0
2016,5,14,10,30,0
2016,5,15,9,36,0
2016,5,16,10,18,0
2016,5,17,11,0,0
NaN,NaN,NaN,NaN,NaN,NaN
2016,5,19,10,48,0
2016,5,20,9,54,0
2016,5,21,10,36,0
2016,5,22,9,42,0
2016,5,23,10,24,0
NaN,NaN,NaN,NaN,NaN,NaN
2016,5,25,10,12,0
2016,5,26,10,54,0
2016,5,27,10,0,0
NaN,NaN,NaN,NaN,NaN,NaN
2016,5,29,9,48,0
NaN,NaN,NaN,NaN,NaN,NaN
NaN,NaN,NaN,NaN,NaN,NaN
NaN,NaN,NaN,NaN,NaN,NaN
NaN,NaN,NaN,NaN,NaN,NaN
2016,6,3,10,6,0
2016,6,4,10,48,0
2016,6,5,9,54,0
2016,6,6,10,36,0
2016,6,7,9,42,0
2016,6,8,10,24,0
NaN,NaN,NaN,NaN,NaN,NaN
2016,6,10,10,12,0
2016,6,11,10,54,0
2016,6,12,10,0,0
2016,6,13,10,42,0
2016,6,14,9,48,0
NaN,NaN,NaN,NaN,NaN,NaN
NaN,NaN,NaN,NaN,NaN,NaN
NaN,NaN,NaN,NaN,NaN,NaN
NaN,NaN,NaN,NaN,NaN,NaN
2016,6,19,10,6,0
2016,6,20,10,48,0
2016,6,21,9,54,0
2016,6,22,10,36,0
NaN,NaN,NaN,NaN,NaN,NaN
NaN,NaN,NaN,NaN,NaN,NaN
NaN,NaN,NaN,NaN,NaN,NaN
NaN,NaN,NaN,NaN,NaN,NaN
2016,6,27,10,54,0
2016,6,28,10,0,0
2016,6,29,10,42,0
2016,6,30,9,48,0
NaN,NaN,NaN,NaN,NaN,NaN
2016,7,2,9,36,0
2016,7,3,10,18,0
2016,7,4,11,0,0
2016,7,5,10,6,0
2016,7,6,10,48,0
2016,7,7,9,54,0
2016,7,8,10,36,0
NaN,NaN,NaN,NaN,NaN,NaN
2016,7,10,10,24,0
NaN,NaN,NaN,NaN,NaN,NaN
NaN,NaN,NaN,NaN,NaN,NaN
NaN,NaN,NaN,NaN,NaN,NaN
2016,7,14,10,0,0
2016,7,15,10,42,0
2016,7,16,9,48,0
2016,7,17,10,30,0
2016,7,18,9,36,0
NaN,NaN,NaN,NaN,NaN,NaN
NaN,NaN,NaN,NaN,NaN,NaN
2016,7,21,10,6,0
2016,7,22,10,48,0
2016,7,23,9,54,0
2016,7,24,10,36,0
2016,7,25,9,42,0
NaN,NaN,NaN,NaN,NaN,NaN
NaN,NaN,NaN,NaN,NaN,NaN
2016,7,28,10,12,0
2016,7,29,10,54,0
2016,7,30,10,0,0
2016,7,31,10,42,0
2016,8,1,9,48,0
2016,8,2,10,30,0
NaN,NaN,NaN,NaN,NaN,NaN
2016,8,4,10,18,0
2016,8,5,11,0,0
2016,8,6,10,6,0
2016,8,7,10,48,0
2016,8,8,9,54,0
NaN,NaN,NaN,NaN,NaN,NaN
NaN,NaN,NaN,NaN,NaN,NaN
2016,8,11,10,24,0
NaN,NaN,NaN,NaN,NaN,NaN
NaN,NaN,NaN,NaN,NaN,NaN
2016,8,14,10,54,0
2016,8,15,10,0,0
2016,8,16,10,42,0
2016,8,17,9,48,0
2016,8,18,10,30,0
2016,8,19,9,36,0
2016,8,20,10,18,0
NaN,NaN,NaN,NaN,NaN,NaN
2016,8,22,10,6,0
NaN,NaN,NaN,NaN,NaN,NaN
2016,8,24,9,54,0
2016,8,25,10,36,0
2016,8,26,9,42,0
2016,8,27,10,24,0
NaN,NaN,NaN,NaN,NaN,NaN
NaN,NaN,NaN,NaN,NaN,NaN
NaN,NaN,NaN,NaN,NaN,NaN
NaN,NaN,NaN,NaN,NaN,NaN
NaN,NaN,NaN,NaN,NaN,NaN
2016,9,2,9,48,0
2016,9,3,10,30,0
2016,9,4,9,36,0
2016,9,5,10,18,0
2016,9,6,11,0,0
2016,9,7,10,6,0
2016,9,8,10,48,0
2016,9,9,9,54,0
2016,9,10,10,36,0
2016,9,11,9,42,0
NaN,NaN,NaN,NaN,NaN,NaN
NaN,NaN,NaN,NaN,NaN,NaN
NaN,NaN,NaN,NaN,NaN,NaN
2016,9,15,10,54,0
2016,9,16,10,0,0
NaN,NaN,NaN,NaN,NaN,NaN
2016,9,18,9,48,0
NaN,NaN,NaN,NaN,NaN,NaN
2016,9,20,9,36,0
2016,9,21,10,18,0
2016,9,22,11,0,0
2016,9,23,10,6,0
NaN,NaN,NaN,NaN,NaN,NaN
2016,9,25,9,54,0
2016,9,26,10,36,0
NaN,NaN,NaN,NaN,NaN,NaN
NaN,NaN,NaN,NaN,NaN,NaN
NaN,NaN,NaN,NaN,NaN,NaN
2016,9,30,10,12,0
2016,10,1,10,54,0
NaN,NaN,NaN,NaN,NaN,NaN
2016,10,3,10,42,0
2016,10,4,9,48,0
2016,10,5,10,30,0
2016,10,6,9,36,0
2016,10,7,10,18,0
2016,10,8,11,0,0
2016,10,9,10,6,0
NaN,NaN,NaN,NaN,NaN,NaN
2016,10,11,9,54,0
2016,10,12,10,36,0
2016,10,13,9,42,0
2016,10,14,10,24,0
NaN,NaN,NaN,NaN,NaN,NaN
2016,10,16,10,12,0
2016,10,17,10,54,0
2016,10,18,10,0,0
NaN,NaN,NaN,NaN,NaN,NaN
NaN,NaN,NaN,NaN,NaN,NaN
NaN,NaN,NaN,NaN,NaN,NaN
NaN,NaN,NaN,NaN,NaN,NaN
2016,10,23,10,18,0
2016,10,24,11,0,0
2016,10,25,10,6,0
2016,10,26,10,48,0
2016,10,27,9,54,0
2016,10,28,10,36,0
2016,10,29,9,42,0
NaN,NaN,NaN,NaN,NaN,NaN
NaN,NaN,NaN,NaN,NaN,NaN
NaN,NaN,NaN,NaN,NaN,NaN
NaN,NaN,NaN,NaN,NaN,NaN
2016,11,3,10,0,0
2016,11,4,10,42,0
2016,11,5,9,48,0
2016,11,6,10,30,0
2016,11,7,9,36,0
NaN,NaN,NaN,NaN,NaN,NaN
2016,11,9,11,0,0
NaN,NaN,NaN,NaN,NaN,NaN
NaN,NaN,NaN,NaN,NaN,NaN
NaN,NaN,NaN,NaN,NaN,NaN
2016,11,13,10,36,0
2016,11,14,9,42,0
2016,11,15,10,24,0
NaN,NaN,NaN,NaN,NaN,NaN
2016,11,17,10,12,0
2016,11,18,10,54,0
2016,11,19,10,0,0
2016,11,20,10,42,0
2016,11,21,9,48,0
NaN,NaN,NaN,NaN,NaN,NaN
NaN,NaN,NaN,NaN,NaN,NaN
NaN,NaN,NaN,NaN,NaN,NaN
2016,11,25,11,0,0
2016,11,26,10,6,0
NaN,NaN,NaN,NaN,NaN,NaN
2016,11,28,9,54,0
2016,11,29,10,36,0
2016,11,30,9,42,0
2016,12,1,10,24,0
NaN,NaN,NaN,NaN,NaN,NaN
NaN,NaN,NaN,NaN,NaN,NaN
NaN,NaN,NaN,NaN,NaN,NaN
NaN,NaN,NaN,NaN,NaN,NaN
NaN,NaN,NaN,NaN,NaN,NaN
2016,12,7,9,48,0
NaN,NaN,NaN,NaN,NaN,NaN
NaN,NaN,NaN,NaN,NaN,NaN
2016,12,10,10,18,0
2016,12,11,11,0,0
2016,12,12,10,6,0
2016,12,13,10,48,0
2016,12,14,9,54,0
2016,12,15,10,36,0
2016,12,16,9,42,0
NaN,NaN,NaN,NaN,NaN,NaN
NaN,NaN,NaN,NaN,NaN,NaN
2016,12,19,10,12,0
NaN,NaN,NaN,NaN,NaN,NaN
NaN,NaN,NaN,NaN,NaN,NaN
NaN,NaN,NaN,NaN,NaN,NaN
NaN,NaN,NaN,NaN,NaN,NaN
NaN,NaN,NaN,NaN,NaN,NaN
NaN,NaN,NaN,NaN,NaN,NaN
NaN,NaN,NaN,NaN,NaN,NaN
NaN,NaN,NaN,NaN,NaN,NaN
NaN,NaN,NaN,NaN,NaN,NaN
NaN,NaN,NaN,NaN,NaN,NaN
NaN,NaN,NaN,NaN,NaN,NaN
NaN,NaN,NaN,NaN,NaN,NaN
NaN,NaN,NaN,NaN,NaN,NaN
2017,1,2,10,24,0
NaN,NaN,NaN,NaN,NaN,NaN
2017,1,4,10,12,0
NaN,NaN,NaN,NaN,NaN,NaN
2017,1,6,10,0,0
2017,1,7,10,42,0
NaN,NaN,NaN,NaN,NaN,NaN
2017,1,9,10,30,0
NaN,NaN,NaN,NaN,NaN,NaN
NaN,NaN,NaN,NaN,NaN,NaN
NaN,NaN,NaN,NaN,NaN,NaN
NaN,NaN,NaN,NaN,NaN,NaN
NaN,NaN,NaN,NaN,NaN,NaN
NaN,NaN,NaN,NaN,NaN,NaN
2017,1,16,10,36,0
NaN,NaN,NaN,NaN,NaN,NaN
NaN,NaN,NaN,NaN,NaN,NaN
NaN,NaN,NaN,NaN,NaN,NaN
2017,1,20,10,12,0
2017,1,21,10,54,0
NaN,NaN,NaN,NaN,NaN,NaN
NaN,NaN,NaN,NaN,NaN,NaN
NaN,NaN,NaN,NaN,NaN,NaN
NaN,NaN,NaN,NaN,NaN,NaN
NaN,NaN,NaN,NaN,NaN,NaN
2017,1,27,10,18,0
2017,1,28,11,0,0
2017,1,29,10,6,0
2017,1,30,10,48,0
2017,1,31,9,54,0
2017,2,1,10,36,0
NaN,NaN,NaN,NaN,NaN,NaN
NaN,NaN,NaN,NaN,NaN,NaN
NaN,NaN,NaN,NaN,NaN,NaN
2017,2,5,10,12,0
NaN,NaN,NaN,NaN,NaN,NaN
NaN,NaN,NaN,NaN,NaN,NaN
2017,2,8,10,42,0
2017,2,9,9,48,0
2017,2,10,10,30,0
NaN,NaN,NaN,NaN,NaN,NaN
2017,2,12,10,18,0
2017,2,13,11,0,0
2017,2,14,10,6,0
2017,2,15,10,48,0
2017,2,16,9,54,0
2017,2,17,10,36,0
2017,2,18,9,42,0
2017,2,19,10,24,0
NaN,NaN,NaN,NaN,NaN,NaN
2017,2,21,10,12,0
2017,2,22,10,54,0
2017,2,23,10,0,0
NaN,NaN,NaN,NaN,NaN,NaN
NaN,NaN,NaN,NaN,NaN,NaN
2017,2,26,10,30,0
2017,2,27,9,36,0
2017,2,28,10,18,0
2017,3,1,11,0,0
2017,3,2,10,6,0
2017,3,3,10,48,0
2017,3,4,9,54,0
2017,3,5,10,36,0
NaN,NaN,NaN,NaN,NaN,NaN
NaN,NaN,NaN,NaN,NaN,NaN
NaN,NaN,NaN,NaN,NaN,NaN
NaN,NaN,NaN,NaN,NaN,NaN
2017,3,10,10,54,0
2017,3,11,10,0,0
2017,3,12,10,42,0
2017,3,13,9,48,0
2017,3,14,10,30,0
2017,3,15,9,36,0
2017,3,16,10,18,0
2017,3,17,11,0,0
2017,3,18,10,6,0
2017,3,19,10,48,0
2017,3,20,9,54,0
2017,3,21,10,36,0
2017,3,22,9,42,0
2017,3,23,10,24,0
NaN,NaN,NaN,NaN,NaN,NaN
2017,3,25,10,12,0
NaN,NaN,NaN,NaN,NaN,NaN
2017,3,27,10,0,0
2017,3,28,10,42,0
2017,3,29,9,48,0
NaN,NaN,NaN,NaN,NaN,NaN
NaN,NaN,NaN,NaN,NaN,NaN
2017,4,1,10,18,0
2017,4,2,11,0,0
2017,4,3,10,6,0
2017,4,4,10,48,0
2017,4,5,9,54,0
2017,4,6,10,36,0
2017,4,7,9,42,0
2017,4,8,10,24,0
NaN,NaN,NaN,NaN,NaN,NaN
2017,4,10,10,12,0
NaN,NaN,NaN,NaN,NaN,NaN
2017,4,12,10,0,0
2017,4,13,10,42,0
2017,4,14,9,48,0
2017,4,15,10,30,0
NaN,NaN,NaN,NaN,NaN,NaN
2017,4,17,10,18,0
2017,4,18,11,0,0
2017,4,19,10,6,0
2017,4,20,10,48,0
NaN,NaN,NaN,NaN,NaN,NaN
2017,4,22,10,36,0
2017,4,23,9,42,0
NaN,NaN,NaN,NaN,NaN,NaN
NaN,NaN,NaN,NaN,NaN,NaN
2017,4,26,10,12,0
NaN,NaN,NaN,NaN,NaN,NaN
NaN,NaN,NaN,NaN,NaN,NaN
2017,4,29,10,42,0
2017,4,30,9,48,0
2017,5,1,10,30,0
2017,5,2,9,36,0
2017,5,3,10,18,0
2017,5,4,11,0,0
2017,5,5,10,6,0
NaN,NaN,NaN,NaN,NaN,NaN
2017,5,7,9,54,0
2017,5,8,10,36,0
2017,5,9,9,42,0
2017,5,10,10,24,0
NaN,NaN,NaN,NaN,NaN,NaN
2017,5,12,10,12,0
2017,5,13,10,54,0
2017,5,14,10,0,0
2017,5,15,10,42,0
2017,5,16,9,48,0
2017,5,17,10,30,0
2017,5,18,9,36,0
2017,5,19,10,18,0
2017,5,20,11,0,0
2017,5,21,10,6,0
2017,5,22,10,48,0
2017,5,23,9,54,0
2017,5,24,10,36,0
2017,5,25,9,42,0
2017,5,26,10,24,0
NaN,NaN,NaN,NaN,NaN,NaN
2017,5,28,10,12,0
2017,5,29,10,54,0
2017,5,30,10,0,0
2017,5,31,10,42,0
2017,6,1,9,48,0
2017,6,2,10,30,0
NaN,NaN,NaN,NaN,NaN,NaN
2017,6,4,10,18,0
NaN,NaN,NaN,NaN,NaN,NaN
2017,6,6,10,6,0
2017,6,7,10,48,0
2017,6,8,9,54,0
2017,6,9,10,36,0
2017,6,10,9,42,0
2017,6,11,10,24,0
NaN,NaN,NaN,NaN,NaN,NaN
2017,6,13,10,12,0
2017,6,14,10,54,0
2017,6,15,10,0,0
2017,6,16,10,42,0
2017,6,17,9,48,0
2017,6,18,10,30,0
NaN,NaN,NaN,NaN,NaN,NaN
2017,6,20,10,18,0
2017,6,21,11,0,0
2017,6,22,10,6,0
2017,6,23,10,48,0
2017,6,24,9,54,0
2017,6,25,10,36,0
NaN,NaN,NaN,NaN,NaN,NaN
2017,6,27,10,24,0
NaN,NaN,NaN,NaN,NaN,NaN
NaN,NaN,NaN,NaN,NaN,NaN
2017,6,30,10,54,0
2017,7,1,10,0,0
2017,7,2,10,42,0
2017,7,3,9,48,0
2017,7,4,10,30,0
NaN,NaN,NaN,NaN,NaN,NaN
2017,7,6,10,18,0
2017,7,7,11,0,0
NaN,NaN,NaN,NaN,NaN,NaN
NaN,NaN,NaN,NaN,NaN,NaN
NaN,NaN,NaN,NaN,NaN,NaN
2017,7,11,10,36,0
2017,7,12,9,42,0
2017,7,13,10,24,0
NaN,NaN,NaN,NaN,NaN,NaN
2017,7,15,10,12,0
2017,7,16,10,54,0
2017,7,17,10,0,0
2017,7,18,10,42,0
2017,7,19,9,48,0
2017,7,20,10,30,0
NaN,NaN,NaN,NaN,NaN,NaN
2017,7,22,10,18,0
2017,7,23,11,0,0
2017,7,24,10,6,0
2017,7,25,10,48,0
2017,7,26,9,54,0
2017,7,27,10,36,0
2017,7,28,9,42,0
2017,7,29,10,24,0
NaN,NaN,NaN,NaN,NaN,NaN
2017,7,31,10,12,0
2017,8,1,10,54,0
2017,8,2,10,0,0
2017,8,3,10,42,0
2017,8,4,9,48,0
2017,8,5,10,30,0
NaN,NaN,NaN,NaN,NaN,NaN
2017,8,7,10,18,0
2017,8,8,11,0,0
2017,8,9,10,6,0
2017,8,10,10,48,0
2017,8,11,9,54,0
2017,8,12,10,36,0
2017,8,13,9,42,0
2017,8,14,10,24,0
NaN,NaN,NaN,NaN,NaN,NaN
2017,8,16,10,12,0
2017,8,17,10,54,0
2017,8,18,10,0,0
2017,8,19,10,42,0
2017,8,20,9,48,0
2017,8,21,10,30,0
2017,8,22,9,36,0
2017,8,23,10,18,0
2017,8,24,11,0,0
2017,8,25,10,6,0
2017,8,26,10,48,0
2017,8,27,9,54,0
NaN,NaN,NaN,NaN,NaN,NaN
NaN,NaN,NaN,NaN,NaN,NaN
2017,8,30,10,24,0
NaN,NaN,NaN,NaN,NaN,NaN
2017,9,1,10,12,0
2017,9,2,10,54,0
2017,9,3,10,0,0
2017,9,4,10,42,0
2017,9,5,9,48,0
2017,9,6,10,30,0
2017,9,7,9,36,0
2017,9,8,10,18,0
2017,9,9,11,0,0
2017,9,10,10,6,0
2017,9,11,10,48,0
2017,9,12,9,54,0
2017,9,13,10,36,0
2017,9,14,9,42,0
2017,9,15,10,24,0
NaN,NaN,NaN,NaN,NaN,NaN
2017,9,17,10,12,0
2017,9,18,10,54,0
2017,9,19,10,0,0
2017,9,20,10,42,0
2017,9,21,9,48,0
2017,9,22,10,30,0
2017,9,23,9,36,0
2017,9,24,10,18,0
2017,9,25,11,0,0
2017,9,26,10,6,0
2017,9,27,10,48,0
NaN,NaN,NaN,NaN,NaN,NaN
2017,9,29,10,36,0
NaN,NaN,NaN,NaN,NaN,NaN
NaN,NaN,NaN,NaN,NaN,NaN
NaN,NaN,NaN,NaN,NaN,NaN
2017,10,3,10,12,0
2017,10,4,10,54,0
2017,10,5,10,0,0
2017,10,6,10,42,0
NaN,NaN,NaN,NaN,NaN,NaN
2017,10,8,10,30,0
NaN,NaN,NaN,NaN,NaN,NaN
NaN,NaN,NaN,NaN,NaN,NaN
NaN,NaN,NaN,NaN,NaN,NaN
NaN,NaN,NaN,NaN,NaN,NaN
2017,10,13,10,48,0
2017,10,14,9,54,0
2017,10,15,10,36,0
2017,10,16,9,42,0
2017,10,17,10,24,0
NaN,NaN,NaN,NaN,NaN,NaN
2017,10,19,10,12,0
2017,10,20,10,54,0
2017,10,21,10,0,0
2017,10,22,10,42,0
2017,10,23,9,48,0
2017,10,24,10,30,0
2017,10,25,9,36,0
2017,10,26,10,18,0
2017,10,27,11,0,0
2017,10,28,10,6,0
2017,10,29,10,48,0
2017,10,30,9,54,0
2017,10,31,10,36,0
2017,11,1,9,42,0
2017,11,2,10,24,0
NaN,NaN,NaN,NaN,NaN,NaN
2017,11,4,10,12,0
2017,11,5,10,54,0
2017,11,6,10,0,0
NaN,NaN,NaN,NaN,NaN,NaN
NaN,NaN,NaN,NaN,NaN,NaN
2017,11,9,10,30,0
2017,11,10,9,36,0
NaN,NaN,NaN,NaN,NaN,NaN
NaN,NaN,NaN,NaN,NaN,NaN
2017,11,13,10,6,0
2017,11,14,10,48,0
2017,11,15,9,54,0
2017,11,16,10,36,0
2017,11,17,9,42,0
2017,11,18,10,24,0
NaN,NaN,NaN,NaN,NaN,NaN
2017,11,20,10,12,0
2017,11,21,10,54,0
2017,11,22,10,0,0
2017,11,23,10,42,0
2017,11,24,9,48,0
NaN,NaN,NaN,NaN,NaN,NaN
2017,11,26,9,36,0
NaN,NaN,NaN,NaN,NaN,NaN
2017,11,28,11,0,0
NaN,NaN,NaN,NaN,NaN,NaN
2017,11,30,10,48,0
NaN,NaN,NaN,NaN,NaN,NaN
2017,12,2,10,36,0
2017,12,3,9,42,0
2017,12,4,10,24,0
NaN,NaN,NaN,NaN,NaN,NaN
2017,12,6,10,12,0
NaN,NaN,NaN,NaN,NaN,NaN
2017,12,8,10,0,0
2017,12,9,10,42,0
2017,12,10,9,48,0
2017,12,11,10,30,0
NaN,NaN,NaN,NaN,NaN,NaN
2017,12,13,10,18,0
2017,12,14,11,0,0
2017,12,15,10,6,0
NaN,NaN,NaN,NaN,NaN,NaN
2017,12,17,9,54,0
2017,12,18,10,36,0
NaN,NaN,NaN,NaN,NaN,NaN
2017,12,20,10,24,0
NaN,NaN,NaN,NaN,NaN,NaN
2017,12,22,10,12,0
2017,12,23,10,54,0
2017,12,24,10,0,0
NaN,NaN,NaN,NaN,NaN,NaN
NaN,NaN,NaN,NaN,NaN,NaN
2017,12,27,10,30,0
NaN,NaN,NaN,NaN,NaN,NaN
2017,12,29,10,18,0
NaN,NaN,NaN,NaN,NaN,NaN
2017,12,31,10,6,0
2018,1,1,10,48,0
NaN,NaN,NaN,NaN,NaN,NaN
2018,1,3,10,36,0
2018,1,4,9,42,0
2018,1,5,10,24,0
NaN,NaN,NaN,NaN,NaN,NaN
2018,1,7,10,12,0
2018,1,8,10,54,0
NaN,NaN,NaN,NaN,NaN,NaN
2018,1,10,10,42,0
2018,1,11,9,48,0
NaN,NaN,NaN,NaN,NaN,NaN
NaN,NaN,NaN,NaN,NaN,NaN
2018,1,14,10,18,0
2018,1,15,11,0,0
2018,1,16,10,6,0
2018,1,17,10,48,0
2018,1,18,9,54,0
2018,1,19,10,36,0
2018,1,20,9,42,0
2018,1,21,10,24,0
NaN,NaN,NaN,NaN,NaN,NaN
2018,1,23,10,12,0
2018,1,24,10,54,0
2018,1,25,10,0,0
NaN,NaN,NaN,NaN,NaN,NaN
NaN,NaN,NaN,NaN,NaN,NaN
NaN,NaN,NaN,NaN,NaN,NaN
NaN,NaN,NaN,NaN,NaN,NaN
2018,1,30,10,18,0
NaN,NaN,NaN,NaN,NaN,NaN
NaN,NaN,NaN,NaN,NaN,NaN
NaN,NaN,NaN,NaN,NaN,NaN
2018,2,3,9,54,0
2018,2,4,10,36,0
2018,2,5,9,42,0
2018,2,6,10,24,0
NaN,NaN,NaN,NaN,NaN,NaN
2018,2,8,10,12,0
NaN,NaN,NaN,NaN,NaN,NaN
2018,2,10,10,0,0
2018,2,11,10,42,0
2018,2,12,9,48,0
2018,2,13,10,30,0
2018,2,14,9,36,0
NaN,NaN,NaN,NaN,NaN,NaN
NaN,NaN,NaN,NaN,NaN,NaN
2018,2,17,10,6,0
2018,2,18,10,48,0
2018,2,19,9,54,0
2018,2,20,10,36,0
2018,2,21,9,42,0
2018,2,22,10,24,0
NaN,NaN,NaN,NaN,NaN,NaN
NaN,NaN,NaN,NaN,NaN,NaN
NaN,NaN,NaN,NaN,NaN,NaN
2018,2,26,10,0,0
2018,2,27,10,42,0
2018,2,28,9,48,0
2018,3,1,10,30,0
NaN,NaN,NaN,NaN,NaN,NaN
2018,3,3,10,18,0
NaN,NaN,NaN,NaN,NaN,NaN
2018,3,5,10,6,0
2018,3,6,10,48,0
2018,3,7,9,54,0
NaN,NaN,NaN,NaN,NaN,NaN
NaN,NaN,NaN,NaN,NaN,NaN
NaN,NaN,NaN,NaN,NaN,NaN
NaN,NaN,NaN,NaN,NaN,NaN
2018,3,12,10,12,0
2018,3,13,10,54,0
2018,3,14,10,0,0
2018,3,15,10,42,0
2018,3,16,9,48,0
2018,3,17,10,30,0
2018,3,18,9,36,0
2018,3,19,10,18,0
NaN,NaN,NaN,NaN,NaN,NaN
2018,3,21,10,6,0
2018,3,22,10,48,0
2018,3,23,9,54,0
2018,3,24,10,36,0
2018,3,25,9,42,0
2018,3,26,10,24,0
NaN,NaN,NaN,NaN,NaN,NaN
2018,3,28,10,12,0
2018,3,29,10,54,0
2018,3,30,10,0,0
2018,3,31,10,42,0
2018,4,1,9,48,0
2018,4,2,10,30,0
2018,4,3,9,36,0
2018,4,4,10,18,0
2018,4,5,11,0,0
2018,4,6,10,6,0
2018,4,7,10,48,0
2018,4,8,9,54,0
2018,4,9,10,36,0
2018,4,10,9,42,0
NaN,NaN,NaN,NaN,NaN,NaN
NaN,NaN,NaN,NaN,NaN,NaN
2018,4,13,10,12,0
2018,4,14,10,54,0
2018,4,15,10,0,0
2018,4,16,10,42,0
2018,4,17,9,48,0
2018,4,18,10,30,0
2018,4,19,9,36,0
2018,4,20,10,18,0
2018,4,21,11,0,0
2018,4,22,10,6,0
2018,4,23,10,48,0
2018,4,24,9,54,0
2018,4,25,10,36,0
NaN,NaN,NaN,NaN,NaN,NaN
2018,4,27,10,24,0
NaN,NaN,NaN,NaN,NaN,NaN
2018,4,29,10,12,0
2018,4,30,10,54,0
2018,5,1,10,0,0
2018,5,2,10,42,0
NaN,NaN,NaN,NaN,NaN,NaN
2018,5,4,10,30,0
2018,5,5,9,36,0
2018,5,6,10,18,0
2018,5,7,11,0,0
2018,5,8,10,6,0
2018,5,9,10,48,0
2018,5,10,9,54,0
2018,5,11,10,36,0
2018,5,12,9,42,0
2018,5,13,10,24,0
NaN,NaN,NaN,NaN,NaN,NaN
2018,5,15,10,12,0
2018,5,16,10,54,0
2018,5,17,10,0,0
2018,5,18,10,42,0
2018,5,19,9,48,0
2018,5,20,10,30,0
2018,5,21,9,36,0
2018,5,22,10,18,0
NaN,NaN,NaN,NaN,NaN,NaN
2018,5,24,10,6,0
2018,5,25,10,48,0
2018,5,26,9,54,0
2018,5,27,10,36,0
2018,5,28,9,42,0
2018,5,29,10,24,0
NaN,NaN,NaN,NaN,NaN,NaN
NaN,NaN,NaN,NaN,NaN,NaN
2018,6,1,10,54,0
2018,6,2,10,0,0
2018,6,3,10,42,0
2018,6,4,9,48,0
2018,6,5,10,30,0
2018,6,6,9,36,0
2018,6,7,10,18,0
2018,6,8,11,0,0
2018,6,9,10,6,0
2018,6,10,10,48,0
2018,6,11,9,54,0
2018,6,12,10,36,0
2018,6,13,9,42,0
2018,6,14,10,24,0
NaN,NaN,NaN,NaN,NaN,NaN
2018,6,16,10,12,0
2018,6,17,10,54,0
2018,6,18,10,0,0
2018,6,19,10,42,0
2018,6,20,9,48,0
2018,6,21,10,30,0
2018,6,22,9,36,0
2018,6,23,10,18,0
2018,6,24,11,0,0
2018,6,25,10,6,0
2018,6,26,10,48,0
2018,6,27,9,54,0
2018,6,28,10,36,0
2018,6,29,9,42,0
NaN,NaN,NaN,NaN,NaN,NaN
NaN,NaN,NaN,NaN,NaN,NaN
2018,7,2,10,12,0
2018,7,3,10,54,0
2018,7,4,10,0,0
2018,7,5,10,42,0
2018,7,6,9,48,0
2018,7,7,10,30,0
2018,7,8,9,36,0
2018,7,9,10,18,0
2018,7,10,11,0,0
2018,7,11,10,6,0
2018,7,12,10,48,0
2018,7,13,9,54,0
2018,7,14,10,36,0
2018,7,15,9,42,0
2018,7,16,10,24,0
NaN,NaN,NaN,NaN,NaN,NaN
2018,7,18,10,12,0
2018,7,19,10,54,0
2018,7,20,10,0,0
2018,7,21,10,42,0
2018,7,22,9,48,0
2018,7,23,10,30,0
2018,7,24,9,36,0
2018,7,25,10,18,0
2018,7,26,11,0,0
2018,7,27,10,6,0
2018,7,28,10,48,0
2018,7,29,9,54,0
2018,7,30,10,36,0
2018,7,31,9,42,0
2018,8,1,10,24,0
NaN,NaN,NaN,NaN,NaN,NaN
2018,8,3,10,12,0
2018,8,4,10,54,0
2018,8,5,10,0,0
2018,8,6,10,42,0
2018,8,7,9,48,0
2018,8,8,10,30,0
2018,8,9,9,36,0
2018,8,10,10,18,0
2018,8,11,11,0,0
2018,8,12,10,6,0
2018,8,13,10,48,0
2018,8,14,9,54,0
2018,8,15,10,36,0
2018,8,16,9,42,0
2018,8,17,10,24,0
NaN,NaN,NaN,NaN,NaN,NaN
2018,8,19,10,12,0
2018,8,20,10,54,0
2018,8,21,10,0,0
2018,8,22,10,42,0
2018,8,23,9,48,0
2018,8,24,10,30,0
2018,8,25,9,36,0
2018,8,26,10,18,0
2018,8,27,11,0,0
2018,8,28,10,6,0
2018,8,29,10,48,0
2018,8,30,9,54,0
2018,8,31,10,36,0
2018,9,1,9,42,0
2018,9,2,10,24,0
NaN,NaN,NaN,NaN,NaN,NaN
2018,9,4,10,12,0
NaN,NaN,NaN,NaN,NaN,NaN
2018,9,6,10,0,0
2018,9,7,10,42,0
2018,9,8,9,48,0
2018,9,9,10,30,0
2018,9,10,9,36,0
2018,9,11,10,18,0
2018,9,12,11,0,0
2018,9,13,10,6,0
2018,9,14,10,48,0
2018,9,15,9,54,0
2018,9,16,10,36,0
2018,9,17,9,42,0
2018,9,18,10,24,0
NaN,NaN,NaN,NaN,NaN,NaN
NaN,NaN,NaN,NaN,NaN,NaN
NaN,NaN,NaN,NaN,NaN,NaN
2018,9,22,10,0,0
2018,9,23,10,42,0
2018,9,24,9,48,0
2018,9,25,10,30,0
2018,9,26,9,36,0
2018,9,27,10,18,0
2018,9,28,11,0,0
2018,9,29,10,6,0
2018,9,30,10,48,0
2018,10,1,9,54,0
2018,10,2,10,36,0
2018,10,3,9,42,0
2018,10,4,10,24,0
NaN,NaN,NaN,NaN,NaN,NaN
2018,10,6,10,12,0
2018,10,7,10,54,0
2018,10,8,10,0,0
2018,10,9,10,42,0
NaN,NaN,NaN,NaN,NaN,NaN
NaN,NaN,NaN,NaN,NaN,NaN
NaN,NaN,NaN,NaN,NaN,NaN
2018,10,13,10,18,0
NaN,NaN,NaN,NaN,NaN,NaN
2018,10,15,10,6,0
2018,10,16,10,48,0
2018,10,17,9,54,0
2018,10,18,10,36,0
NaN,NaN,NaN,NaN,NaN,NaN
2018,10,20,10,24,0
NaN,NaN,NaN,NaN,NaN,NaN
2018,10,22,10,12,0
2018,10,23,10,54,0
2018,10,24,10,0,0
2018,10,25,10,42,0
NaN,NaN,NaN,NaN,NaN,NaN
2018,10,27,10,30,0
NaN,NaN,NaN,NaN,NaN,NaN
NaN,NaN,NaN,NaN,NaN,NaN
NaN,NaN,NaN,NaN,NaN,NaN
NaN,NaN,NaN,NaN,NaN,NaN
2018,11,1,10,48,0
2018,11,2,9,54,0
2018,11,3,10,36,0
NaN,NaN,NaN,NaN,NaN,NaN
NaN,NaN,NaN,NaN,NaN,NaN
NaN,NaN,NaN,NaN,NaN,NaN
NaN,NaN,NaN,NaN,NaN,NaN
2018,11,8,10,54,0
2018,11,9,10,0,0
2018,11,10,10,42,0
2018,11,11,9,48,0
2018,11,12,10,30,0
NaN,NaN,NaN,NaN,NaN,NaN
2018,11,14,10,18,0
NaN,NaN,NaN,NaN,NaN,NaN
NaN,NaN,NaN,NaN,NaN,NaN
NaN,NaN,NaN,NaN,NaN,NaN
NaN,NaN,NaN,NaN,NaN,NaN
2018,11,19,10,36,0
NaN,NaN,NaN,NaN,NaN,NaN
NaN,NaN,NaN,NaN,NaN,NaN
NaN,NaN,NaN,NaN,NaN,NaN
2018,11,23,10,12,0
NaN,NaN,NaN,NaN,NaN,NaN
2018,11,25,10,0,0
2018,11,26,10,42,0
2018,11,27,9,48,0
2018,11,28,10,30,0
NaN,NaN,NaN,NaN,NaN,NaN
NaN,NaN,NaN,NaN,NaN,NaN
NaN,NaN,NaN,NaN,NaN,NaN
2018,12,2,10,6,0
NaN,NaN,NaN,NaN,NaN,NaN
NaN,NaN,NaN,NaN,NaN,NaN
2018,12,5,10,36,0
NaN,NaN,NaN,NaN,NaN,NaN
2018,12,7,10,24,0
NaN,NaN,NaN,NaN,NaN,NaN
2018,12,9,10,12,0
NaN,NaN,NaN,NaN,NaN,NaN
2018,12,11,10,0,0
2018,12,12,10,42,0
2018,12,13,9,48,0
2018,12,14,10,30,0
NaN,NaN,NaN,NaN,NaN,NaN
2018,12,16,10,18,0
2018,12,17,11,0,0
2018,12,18,10,6,0
NaN,NaN,NaN,NaN,NaN,NaN
NaN,NaN,NaN,NaN,NaN,NaN
NaN,NaN,NaN,NaN,NaN,NaN
NaN,NaN,NaN,NaN,NaN,NaN
2018,12,23,10,24,0
NaN,NaN,NaN,NaN,NaN,NaN
2018,12,25,10,12,0
2018,12,26,10,54,0
2018,12,27,10,0,0
2018,12,28,10,42,0
2018,12,29,9,48,0
2018,12,30,10,30,0
NaN,NaN,NaN,NaN,NaN,NaN
