NaN
41.49
43.39
46.69
46.43
42.29
47.49
41.27
50.05
NaN
49.67
NaN
NaN
NaN
NaN
NaN
NaN
NaN
NaN
NaN
NaN
39.59
NaN
NaN
42.51
NaN
46.19
NaN
NaN
NaN
NaN
NaN
NaN
NaN
38.11
42.19
43.23
35.77
42.25
39.63
49.41
46.97
48.85
48.89
48.33
49.77
39.87
46.07
NaN
NaN
NaN
NaN
NaN
NaN
NaN
NaN
NaN
NaN
47.07
46.73
44.63
49.65
37.41
48.33
NaN
43.95
NaN
NaN
NaN
36.17
32.59
NaN
29.33
NaN
40.73
42.69
39.23
41.09
NaN
NaN
NaN
41.21
41.21
41.65
45.65
38.73
44.75
37.65
NaN
34.37
39.11
40.39
40.41
43.13
NaN
45.05
NaN
39.69
38.15
NaN
41.31
33.49
NaN
28.85
NaN
38.21
38.65
38.33
36.09
40.65
NaN
42.23
NaN
36.55
34.57
34.81
38.11
NaN
39.19
32.79
40.07
38.41
NaN
NaN
27.19
NaN
NaN
NaN
NaN
NaN
NaN
NaN
23.39
21.69
27.29
24.41
29.69
31.41
NaN
29.83
20.41
31.15
29.01
31.63
NaN
31.17
33.55
28.25
NaN
24.25
NaN
NaN
NaN
NaN
19.15
20.71
19.55
24.91
23.67
28.25
NaN
21.49
22.59
18.93
21.69
18.21
NaN
NaN
NaN
NaN
18.65
20.23
20.75
26.49
NaN
NaN
NaN
NaN
20.61
17.67
21.49
23.01
NaN
17.23
22.21
26.27
21.39
20.85
19.63
25.77
NaN
21.01
NaN
NaN
NaN
13.03
17.21
13.87
21.69
18.87
NaN
NaN
27.03
31.85
25.07
29.47
18.63
NaN
NaN
22.87
25.79
24.29
29.69
27.91
22.83
NaN
23.15
23.51
24.71
29.47
26.95
NaN
NaN
29.07
NaN
NaN
27.83
27.47
32.25
28.55
34.63
26.39
28.97
NaN
22.99
NaN
22.91
27.93
21.11
29.83
NaN
NaN
NaN
NaN
NaN
21.83
26.21
20.43
28.29
30.25
33.21
36.81
31.75
33.31
30.43
NaN
NaN
NaN
28.99
32.09
NaN
21.95
NaN
24.17
25.27
27.95
29.35
NaN
30.97
35.75
NaN
NaN
NaN
29.43
33.23
NaN
33.29
33.13
37.93
31.93
42.47
40.81
43.81
NaN
32.51
38.13
32.69
40.77
NaN
45.99
35.59
40.25
NaN
NaN
NaN
NaN
35.19
35.83
43.71
46.23
44.71
46.23
42.33
NaN
NaN
NaN
NaN
44.25
48.61
44.49
50.77
44.37
NaN
47.41
NaN
NaN
NaN
40.27
36.77
45.59
NaN
52.33
47.59
49.17
48.09
44.11
NaN
NaN
NaN
36.09
41.89
NaN
44.75
49.81
38.73
50.09
NaN
NaN
NaN
NaN
NaN
39.41
NaN
NaN
47.25
44.13
51.27
46.83
47.73
49.55
41.33
NaN
NaN
45.39
NaN
NaN
NaN
NaN
NaN
NaN
NaN
NaN
NaN
NaN
NaN
NaN
NaN
31.85
NaN
40.83
NaN
35.91
34.07
NaN
39.27
NaN
NaN
NaN
NaN
NaN
NaN
32.99
NaN
NaN
NaN
32.49
32.99
NaN
NaN
NaN
NaN
NaN
35.09
32.95
39.23
40.21
37.97
39.27
NaN
NaN
NaN
38.73
NaN
NaN
36.65
34.91
38.31
NaN
40.95
36.95
38.77
39.01
40.13
43.37
34.53
37.91
NaN
39.87
40.01
39.57
NaN
NaN
39.89
33.29
42.89
38.51
41.17
40.49
39.33
42.01
NaN
NaN
NaN
NaN
39.17
38.49
41.53
32.85
39.61
33.71
42.57
38.47
41.23
40.29
38.81
41.73
36.57
42.51
NaN
40.95
NaN
37.95
39.65
35.85
NaN
NaN
33.57
31.03
32.59
34.49
32.07
35.75
33.61
39.93
NaN
32.29
NaN
29.71
31.73
29.95
36.27
NaN
36.69
34.85
31.85
36.57
NaN
37.33
31.83
NaN
NaN
29.91
NaN
NaN
22.59
20.97
31.47
24.43
28.09
26.15
29.09
NaN
27.87
30.11
22.99
28.35
NaN
29.91
29.97
29.23
31.07
28.07
33.11
22.55
27.15
28.17
28.21
31.87
29.73
29.77
25.39
29.19
NaN
29.27
25.69
21.75
23.19
17.99
21.21
NaN
23.01
NaN
20.63
22.39
18.09
21.63
15.59
20.31
NaN
21.29
21.85
21.59
26.05
22.13
23.35
NaN
23.19
24.57
24.11
27.01
24.15
27.17
NaN
26.63
NaN
NaN
18.87
18.17
23.91
25.97
26.73
NaN
26.27
22.79
NaN
NaN
NaN
19.99
19.31
22.51
NaN
20.41
22.57
24.13
26.05
18.99
20.31
NaN
23.29
26.51
24.07
26.01
24.29
28.21
23.45
28.31
NaN
23.43
25.95
22.31
22.97
20.61
25.83
NaN
27.59
25.23
25.61
31.13
25.79
28.89
27.73
33.25
NaN
32.23
31.63
27.13
28.33
25.61
32.57
23.67
32.33
28.51
26.75
27.25
26.15
NaN
NaN
29.25
NaN
31.69
34.09
31.25
30.69
26.09
31.19
24.17
24.43
29.47
32.77
35.07
36.85
37.25
24.67
32.69
NaN
34.59
35.31
34.65
39.13
37.29
42.57
35.67
40.51
36.83
43.17
41.95
NaN
39.45
NaN
NaN
NaN
37.69
38.21
42.37
39.93
NaN
34.67
NaN
NaN
NaN
NaN
37.01
36.39
40.85
36.55
45.77
NaN
47.39
39.17
41.07
40.77
38.05
46.11
41.49
47.87
41.49
38.37
37.75
39.23
39.89
31.75
43.81
NaN
50.17
43.63
43.51
NaN
NaN
42.49
37.25
NaN
NaN
40.43
31.03
35.23
31.91
31.35
40.13
NaN
44.57
42.05
43.79
40.81
32.91
NaN
33.51
NaN
28.93
NaN
39.67
NaN
32.61
30.41
37.27
NaN
43.37
NaN
40.67
40.89
39.95
48.19
NaN
51.73
41.89
43.19
NaN
47.21
41.11
NaN
37.75
NaN
44.41
45.65
48.55
NaN
NaN
41.63
NaN
42.27
NaN
43.23
44.21
NaN
42.43
41.89
51.67
NaN
46.61
35.31
NaN
44.37
41.01
NaN
NaN
43.59
38.27
39.11
44.65
42.09
44.27
40.19
49.17
NaN
47.61
42.49
44.41
NaN
NaN
NaN
NaN
38.71
NaN
NaN
NaN
38.19
42.65
37.47
46.21
NaN
47.93
NaN
47.87
47.73
43.29
48.95
43.59
NaN
NaN
39.73
38.87
39.69
40.05
35.37
37.83
NaN
NaN
NaN
39.49
45.21
42.79
47.35
NaN
48.25
NaN
44.35
41.15
39.21
NaN
NaN
NaN
NaN
34.29
38.15
37.63
40.95
39.01
44.25
38.69
44.39
NaN
41.73
41.25
38.79
40.17
33.37
40.43
NaN
41.17
37.75
41.07
42.93
39.17
43.21
31.69
41.39
39.39
40.17
41.03
38.81
42.19
36.45
NaN
NaN
36.61
38.63
35.01
36.95
32.31
38.97
35.23
40.43
37.69
38.51
37.81
35.19
38.31
NaN
37.27
NaN
33.19
33.33
32.71
36.41
NaN
29.69
23.77
30.97
32.01
31.83
33.55
31.31
28.13
19.99
26.59
NaN
26.57
25.37
23.07
25.69
20.45
27.13
20.97
23.33
NaN
24.25
28.45
27.27
32.61
29.03
31.79
NaN
NaN
24.01
23.85
25.21
20.21
24.51
19.37
27.01
29.85
29.47
28.09
30.41
27.31
22.05
25.87
NaN
23.61
21.29
17.69
20.35
19.81
22.91
16.45
22.29
22.87
23.41
23.53
18.79
22.65
20.25
NaN
NaN
22.69
24.55
24.89
29.69
23.27
23.05
15.31
20.27
20.69
20.15
21.29
18.81
23.41
18.79
27.37
NaN
26.47
28.81
23.77
24.97
23.63
29.85
25.71
31.05
32.11
28.61
28.15
24.09
27.39
23.57
28.69
NaN
24.57
27.19
28.29
23.91
21.45
27.35
22.13
30.79
23.19
23.11
24.29
22.55
31.03
28.63
33.21
NaN
27.45
24.47
25.99
32.23
26.83
29.77
22.13
31.89
31.11
32.23
33.87
32.53
33.49
28.57
34.75
NaN
33.59
NaN
36.71
33.73
30.25
35.79
26.99
38.25
34.59
34.25
40.17
37.07
31.71
27.25
40.91
NaN
NaN
NaN
34.61
39.59
35.67
40.63
32.57
43.73
39.93
41.63
40.51
40.21
43.77
40.13
41.51
NaN
42.39
40.65
44.81
44.97
NaN
NaN
NaN
43.65
NaN
42.07
39.91
39.63
45.53
NaN
44.49
NaN
49.39
44.77
48.09
49.03
NaN
42.61
NaN
NaN
NaN
NaN
42.31
38.69
51.53
NaN
NaN
NaN
NaN
36.83
41.89
43.51
40.83
50.05
NaN
50.77
NaN
NaN
NaN
NaN
48.39
NaN
NaN
NaN
43.79
NaN
49.57
38.45
42.25
49.23
NaN
NaN
NaN
46.11
NaN
NaN
48.49
NaN
51.41
NaN
54.11
NaN
52.35
53.05
43.61
47.63
NaN
51.57
52.83
55.67
NaN
NaN
NaN
NaN
49.23
NaN
54.53
50.53
52.57
53.17
49.17
53.93
NaN
